D
0.000000 0.000000 0.000000 0.000000 0.000000 0.000000 0.000000 0.000000 
4467309.500000 5956501.125000 7445692.750000 8934884.375000 10424076.000000 11913267.625000 13402459.250000 14891650.875000 
8934619.000000 11913002.250000 14891385.500000 17869768.750000 20848152.000000 23826535.250000 26804918.500000 29783301.750000 
13401928.500000 17869503.375000 22337078.250000 26804653.125000 31272228.000000 35739802.875000 40207377.750000 44674952.625000 
17869238.000000 23826004.500000 29782771.000000 35739537.500000 41696304.000000 47653070.500000 53609837.000000 59566603.500000 
22336547.500000 29782505.625000 37228463.750000 44674421.875000 52120380.000000 59566338.125000 67012296.250000 74458254.375000 
26803857.000000 35739006.750000 44674156.500000 53609306.250000 62544456.000000 71479605.750000 80414755.500000 89349905.250000 
31271166.500000 41695507.875000 52119849.250000 62544190.625000 72968532.000000 83392873.375000 93817214.750000 104241556.125000 
78148
