  3420.0   4613.0   3177.0  10608.0   4840.0   7527.0   5501.0   7857.0   3366.0   3708.0   7976.0   4055.0   3770.0  53331.0   4273.0  10081.0   3782.0  36087.0  23679.0   5112.0
  4619.0   4845.0   2756.0  14634.0   6265.0   5920.0   5674.0  12252.0   6765.0   6245.0   6526.0   3870.0   9512.0  34523.0   3843.0   3036.0   4293.0   6873.0  15937.0   4792.0
  6534.0   4324.0   3450.0  12757.0 300939.0  20458.0   9842.0  29044.0  12307.0   4236.0   8571.0  20642.0   9233.0  14817.0   6490.0  11400.0   6888.0  68181.0   7027.0   9574.0
  2531.0   1971.0   3987.0   4836.0   4424.0   5641.0   3815.0   7174.0   5666.0   3935.0  12833.0   2261.0   2817.0  12518.0   2770.0   4540.0   3607.0   1632.0   3132.0   3682.0
  2775.0   2169.0   2165.0   6824.0   9639.0   2667.0   4417.0   7755.0   3468.0   4667.0   3707.0   4006.0   6906.0   8034.0   2573.0   2447.0   3182.0   5511.0   3432.0   1745.0
  6002.0   7520.0  12959.0  29587.0  25233.0   9733.0  10494.0  29092.0  17906.0   5745.0  14719.0   7859.0  26300.0  14353.0  15077.0   5185.0  10533.0  15148.0   6740.0   9372.0
  8119.0   8038.0   5280.0  47192.0   9288.0  11225.0   7151.0  89994.0   8765.0  14168.0   6391.0   9093.0  10468.0  23611.0   8736.0   6717.0  11801.0   6586.0   5372.0   6451.0
  1506.0   1612.0   1753.0   4855.0  10284.0   3438.0   2325.0   4547.0   2515.0   1261.0   3598.0   1840.0   3205.0   8970.0   1715.0   2032.0   2140.0   4804.0   3982.0   2025.0
  4234.0   4420.0   3937.0   8391.0  12590.0   7604.0   9458.0   7817.0   6669.0   5912.0   5780.0   4338.0   7564.0  15206.0   4664.0   4787.0   7773.0  14185.0  11035.0   4133.0
  2625.0   2720.0   2548.0   7229.0  32832.0   6601.0   6374.0   9506.0   8971.0   9676.0   5261.0   7640.0   3423.0  10712.0   3214.0   3040.0   5774.0  11125.0   4423.0   4237.0
  6943.0   9668.0   9199.0  24777.0  10148.0  11619.0   5832.0  10565.0   8381.0   7688.0  26530.0   7410.0   7344.0  24418.0   5634.0   9543.0   6804.0   4444.0   5099.0   6551.0
  2581.0   4119.0   3409.0   5687.0   5956.0  10556.0   4522.0   4047.0   2959.0   2630.0   4846.0   3930.0   4476.0  13456.0   4293.0   3228.0   6973.0   6613.0   6286.0   6681.0
  1368.0   2896.0   4169.0   7943.0   5996.0   6262.0   5139.0   5530.0   3351.0   4471.0   3857.0   3869.0   6063.0   6558.0   3443.0   2059.0   5709.0   5157.0   6256.0   3180.0
  4965.0   9617.0   5491.0  10845.0   8667.0  14917.0  10089.0  13946.0   5254.0   4475.0  18908.0   4995.0   9604.0 132649.0   4440.0   8890.0   6539.0  25319.0  58545.0   7717.0
  7475.0   6347.0   6480.0  10270.0  30648.0   7740.0  17578.0  11175.0   5910.0  24954.0   4130.0  22301.0  48103.0  21943.0   9395.0   5482.0  11505.0  16962.0  13831.0   3606.0
  4352.0   2887.0   9955.0  12302.0  12709.0   8236.0   7478.0   6374.0  13660.0   2556.0  22784.0   3135.0  12359.0  16282.0   4861.0   8380.0   3435.0   6081.0   6737.0   5256.0
  4178.0   4807.0   6756.0  13526.0  19228.0   7458.0   7232.0   7733.0   7475.0   7463.0   9227.0   6801.0  18609.0   9575.0   9368.0   3798.0   7892.0  11125.0   6157.0   6635.0
  4222.0   7424.0   3521.0  13564.0   9823.0   7192.0  11445.0  14892.0   5654.0  11431.0   5622.0   6163.0   9111.0  11024.0   4687.0   2903.0  12150.0   5677.0   6006.0   3879.0
  7166.0   6205.0   2875.0   8109.0  93955.0  10004.0   7690.0  24102.0   8533.0   8497.0   7521.0  10145.0   5692.0  18264.0   6269.0   5379.0   5836.0  22625.0   9722.0   6107.0
  4357.0  19039.0   7265.0  20835.0  12932.0   7870.0  11460.0  35238.0   7114.0  12632.0  10182.0   7898.0   6629.0  13161.0   5620.0  14061.0  11374.0  48316.0   9729.0   3134.0
